4481
9002
13523
18111
22750
27505
32834
38335
43092
47814
52524
57197
61905
66614
71362
76112
80838
85567
90279
94966
99663
104281
108893
113518
118138
122788
127452
132134
136803
141491
146186
150952
155711
160519
165389
170364
175687
180748
185664
190575
195512
200471
205529
210547
215638
220774
226026
231500
237025
242672
248512
254832
261385
268146
275389
282569
289614
298104
307452
317100
327298
337764
348437
359410
370027
381220
392020
402873
414050
425292
436233
447572
458626
470122
481079
491506
502275
513468
525535
540274
555887
572209
589633
608193
626263
646220
666463
686951
708445
730486
753559
777733
802204
826731
851551
876852
902924
929597
956606
983095
1008748
1034400
1060208
1086125
1112139
1137961
1163455
1188971
1214831
1240629
1266501
1292523
1318806
1345320
1372074
1399067
1426249
1453921
1481968
1509959
1538351
1566520
1594700
1622646
1650591
1678624
1706311
1733933
1761259
1787928
1814438
1840672
1867176
1894139
1921257
1948331
1976043
2003219
2029989
2056533
2082685
2108344
2133900
2159768
2185279
2210812
2236571
2261752
2286664
2311419
2335616
2359657
2384168
2408316
2431864
2455442
2478770
2501487
2524316
2546900
2569337
2591497
2613589
2635964
2658297
2680796
2704295
2729298
2758037
2790249
2826942
2867438
2909382
2954472
3001087
3048750
3099447
3151924
3206545
3262336
3318736
3377096
3437420
3498544
3558411
3621943
3687282
3753861
3819227
3886822
3956093
4026631
4097739
4168530
4240617
4313158
4386329
4460965
4536917
4614467
4694126
4775428
4857099
4940955
5027292
5115149
5204981
5295804
5388051
5480609
5573443
5668504
5764630
5861558
5957774
6052799
6148684
6243495
6339938
6435718
6532752
6630338
6728008
6825572
6923586
7021215
7118038
7214991
7311279
7407169
7502937
7598205
7694202
7790548
7887432
7984989
8081431
8178906
8275963
8374007
8471705
8569610
8668359
8767465
8866412
8964725
9061701
9158378
9254376
9350865
9448260
9546220
9644323
9743122
9842044
9941471
10041015
10140723
10240315
10341494
10442989
10544868
10647399
10750883
10854800
10959643
11066284
11174360
11283203
11391942
11501375
11610879
11719425
11828511
11938147
12048317
12158662
12269105
12380390
12492609
12605403
12718433
12831537
12943748
13055785
13167611
13279228
13388859
13497949
13606994
13716712
13826949
13938115
14049214
14160666
14273007
14386905
14501074
14615191
14728967
14843067
14958200
15073039
15188268
15303840
15419401
15537180
15655421
15774780
15894739
16016185
16138428
16262063
16386722
16512583
16638776
16765983
16892789
17018907
17144587
17269726
17394875
17520283
17645252
17769657
17893801
18016669
18139789
18263650
18387272
18510128
18632860
18755168
18877614
19000846
19123338
19245374
19367856
19491357
19614431
19738490
19863574
19989594
20116934
20245042
20372683
20501254
20630856
20761099
20892090
21024270
21156861
21290868
21425966
21560572
21695331
21831822
21969242
22109044
22250113
22395672
22542884
22691586
22841753
22993697
23146661
23299090
23453163
23608337
23764573
23923268
24081594
24240631
24400142
24560083
24720372
24880550
25040535
25201496
25362533
25523566
25685268
25847541
26009065
26170285
26331672
26493463
26655228
26817941
26981769
27145821
27310590
27477957
27645168
27812333
27979241
28145650
28312464
28479933
28648391
28817675
28988172
29159513
29330502
29501435
29672756
29845351
30019011
30193855
30368825
30543074
30716448
30890327
31063743
31237584
31411618
31584276
31757224
31930746
32105172
32279571
32453314
32628190
32802816
32978784
33154788
33330466
33506505
33682688
33859001
34035468
34211949
34388567
34565438
34742160
34918298
35095312
35272238
35449180
35626435
35803112
35979417
36155357
36333088
36510642
36689292
36868003
37046251
37223996
37402871
37582160
37762603
37944864
38128074
38312184
38496993
38681548
38866020
39050790
39235347
39421168
39606844
39792970
39979087
40165489
40351521
40537475
40723505
40909671
41095517
41281594
41467671
41654032
41840587
42027894
42216723
42405832
42595176
42785067
42976296
43224121
43415351
43605242
43794587
43983697
44172388
44359695
44546213
44732615
44918785
45104862
45290754
45476923
45662954
45848908
46034942
46221347
46407425
46593640
46779311
46965132
47149689
47334442
47518789
47703372
47888181
48072324
48255520
48437724
48618175
48797458
48976307
49154059
49332320
49511050
49689695
49867261
50044991
50220951
50397260
50573930
50751187
50928130
51105072
51282201
51458376
51635199
51812072
51988721
52165202
52341672
52517985
52694113
52870181
53045938
53221891
53397801
53572417
53747162
53920911
54095331
54269803
54443318
54616253
54788912
54962914
55136755
55310216
55484129
55657685
55831941
56006888
56181715
56355385
56527984
56699302
56870241
57041222
57212633
57383111
57552522
57720894
57888432
58055282
58221613
58388517
58555664
58722700
58890069
59054792
59218876
59382799
59545505
59707289
59869091
60030460
60191689
60353351
60515735
60677195
60838230
60999280
61160251
61320142
61480298
61640498
61800490
61960038
62119039
62277448
62436117
62592310
62747422
62901370
63053786
63206802
63358752
63508950
63657625
63804930
63950565
64091363
64231281
64368721
64505372
64640072
64774727
64909992
65043879
65176621
65308807
65439834
65570150
65699862
65828512
65956033
66084159
66211582
66337626
66462729
66586777
66709954
66833469
66956137
67078175
67200669
67323943
67446437
67568702
67691456
67814247
67937889
68061741
68184844
68307714
68431627
68556115
68681127
68806511
68931661
69056790
69182478
69308595
69435483
69562614
69688808
69814663
69939308
70062870
70185091
70306516
70426466
70545844
70664309
70781682
70897491
71013026
71128248
71243049
71358173
71472266
71586031
71700085
71814093
71927958
72040258
72151738
72262729
72373893
72484130
72593847
72702942
72812037
72921666
73033267
73145102
73257063
73369134
73482179
73595192
73707992
73820104
73931458
74042050
74152425
74262611
74372344
74481369
74589940
74699422
74808896
74917547
75026463
75134545
75241210
75346098
75450041
75553568
75656108
75758027
75859280
75959944
76059530
76159187
76258738
76358174
76457163
76555961
76654099
76752063
76849358
76945995
77042030
77138698
77235672
77334005
77432938
77532026
77630754
77728725
77826423
77924536
78021584
78119128
78215487
78313089
78409973
78506319
78602316
78697578
78793522
78889375
78985777
79082853
79179677
79277324
79375288
79472853
79570524
79668236
79765252
79861034
79957463
80052204
80148257
80243300
80339478
80436343
80532517
80627676
80720386
80812992
80905238
80996097
81085968
81173835
81260165
81344001
81425868
81507156
81586868
81664406
81740410
81815089
81888293
81960863
82033078
82103820
82174897
82245614
82314946
82382483
82447889
82514243
82579389
82643039
82702909
82764042
82824486
82882812
82939068
82994840
83049482
83102058
83152413
83200239
83246835
83291722
83333695
83373980
83410521
83442820
83471337
83496401
83520018
83542356
83564748
83587116
83609021
83631155
83653565
83676149
83699016
83721802
83745052
83768552
83792096
83816080
83840635
83864676
83888867
83913647
83938561
83963813
83989551
84015096
84040593
84066462
84092030
84117693
84143828
84170374
84197230
84224404
84252070
84279153
84306272
84333242
84359755
84386001
84412501
84439174
84466516
84494087
84521775
84549822
84577766
84605720
84633929
84662141
84690589
84718713
84746824
84774496
84801743
84828740
84855487
84881967
84908249
84934266
84960247
84986045
85011890
85037401
85062837
85088658
85114672
85140515
85166310
85191903
85217556
85244023
85271047
85297796
85323822
85349123
85373936
85398533
85423038
85447223
85470321
85492359
85513855
85534350
85554606
85574603
85592682
85611128
85628500
85644856
85660472
85675177
85687257
85698453
85709189
85719610
85730477
85741976
85753031
85764276
85775216
85786461
85797640
85808493
85819293
85830433
85841052
85852052
85862852
85873275
85883502
85893178
85902567
85911119
85918164
85925405
85932664
85939425
85945978
85952291
85958131
85963777
85969288
85974762
85980014
85985143
85990234
85995252
86000310
86005269
86010207
86015118
86020034
86025095
86030418
86035393
86040263
86045071
86049830
86054596
86059291
86063979
86068648
86073330
86077994
86082644
86087264
86091889
86096501
86101119
86105816
86110503
86115215
86119944
86124670
86129420
86134168
86138877
86143585
86148258
86152968
86157694
86162451
86167952
86173281
86178037
86182676
86187264
86191785
86196306
